1
6 8
m 0 0
0
m 0 1
0
m 0 2
0
m 0 3
0
m 0 4
2
0 5 P
1 5 P
m 1 4
2
0 5 P
1 5 P
m 2 4
1
1 5 P
m 2 5
2
1 5 P
1 6 P
m 2 6
3
1 5 P
1 6 P
1 7 P
m 2 7
2
1 6 P
1 7 P
m 2 8
1
1 7 P
m 3 8
1
4 8 B
m 4 8
2
4 8 B
5 7 P
m 4 7
4
4 6 P
4 8 B
5 6 P
5 7 P
m 4 8
2
4 8 B
5 7 P
m 5 8
5
4 8 B
5 7 P
6 7 P
6 8 K
6 8 P
m 4 8
2
4 8 B
5 7 P
m 3 8
1
4 8 B
m 2 8
1
1 7 P
m 1 8
2
0 7 P
1 7 P
m 0 8
2
0 7 P
1 7 P
m 1 8
2
0 7 P
1 7 P
m 2 8
1
1 7 P
m 2 7
2
1 6 P
1 7 P
m 3 7
2
4 6 P
4 8 B
m 4 7
4
4 6 P
4 8 B
5 6 P
5 7 P
m 3 7
2
4 6 P
4 8 B
m 2 7
2
1 6 P
1 7 P
m 2 6
3
1 5 P
1 6 P
1 7 P
m 3 6
1
4 6 P
m 3 5
1
4 6 P
m 4 5
3
4 6 P
5 5 P
5 6 P
m 4 4
1
5 5 P
m 4 3
0
m 4 2
0
m 4 1
0
m 4 0
0
m 4 1
0
m 5 1
0
m 4 1
0
m 3 1
0
m 4 1
0
m 4 2
0
m 5 2
0
m 6 2
0
m 5 2
0
m 4 2
0
m 3 2
0
m 2 2
0
m 3 2
0
m 4 2
0
m 4 3
0
m 5 3
1
6 4 P
m 6 3
1
6 4 P
m 7 3
1
6 4 P
m 6 3
1
6 4 P
m 5 3
1
6 4 P
m 4 3
0
m 3 3
0
m 4 3
0
m 4 4
1
5 5 P
m 5 4
3
5 5 P
6 4 P
6 5 P
m 4 4
1
5 5 P
m 4 5
3
4 6 P
5 5 P
5 6 P
m 3 5
1
4 6 P
m 2 5
2
1 5 P
1 6 P
m 2 4
1
1 5 P
m 2 3
0
m 2 2
0
m 2 1
0
m 2 0
0
m 3 0
0
m 4 0
0
m 5 0
0
m 6 0
0
m 5 0
0
m 4 0
0
m 3 0
0
m 2 0
0
m 2 1
0
m 3 1
0
m 4 1
0
m 5 1
0
m 6 1
0
m 7 1
0
m 6 1
0
m 5 1
0
m 4 1
0
m 3 1
0
m 2 1
0
m 2 2
0
m 3 2
0
m 4 2
0
m 5 2
0
m 6 2
0
m 7 2
0
m 8 2
0
m 7 2
0
m 6 2
0
m 5 2
0
m 4 2
0
m 3 2
0
m 2 2
0
m 2 3
0
m 3 3
0
m 4 3
0
m 5 3
1
6 4 P
m 6 3
1
6 4 P
m 7 3
1
6 4 P
m 7 4
3
6 4 P
6 5 P
7 5 P
m 8 4
1
7 5 P
m 8 3
0
m 7 3
1
6 4 P
m 6 3
1
6 4 P
m 5 3
1
6 4 P
m 4 3
0
m 3 3
0
m 2 3
0
m 2 4
1
1 5 P
m 3 4
0
m 4 4
1
5 5 P
m 5 4
3
5 5 P
6 4 P
6 5 P
m 4 4
1
5 5 P
m 3 4
0
m 2 4
1
1 5 P
m 1 4
2
0 5 P
1 5 P
m 0 4
2
0 5 P
1 5 P
m 0 3
0
m 1 3
0
m 2 3
0
m 2 2
0
m 2 1
0
m 2 0
0
m 3 0
0
m 4 0
0
m 5 0
0
m 6 0
0
m 7 0
0
m 8 0
0
m 7 0
0
m 6 0
0
m 5 0
0
m 4 0
0
m 3 0
0
m 2 0
0
m 2 1
0
m 3 1
0
m 4 1
0
m 5 1
0
m 6 1
0
m 7 1
0
m 8 1
0
m 7 1
0
m 6 1
0
m 5 1
0
m 4 1
0
m 3 1
0
m 2 1
0
m 2 2
0
m 3 2
0
m 4 2
0
m 5 2
0
m 6 2
0
m 7 2
0
m 8 2
0
m 7 2
0
m 6 2
0
m 5 2
0
m 4 2
0
m 3 2
0
m 2 2
0
m 2 3
0
m 3 3
0
m 4 3
0
m 5 3
1
6 4 P
m 6 3
1
6 4 P
m 7 3
1
6 4 P
m 7 4
3
6 4 P
6 5 P
7 5 P
m 8 4
1
7 5 P
m 8 5
3
7 5 P
7 6 P
8 6 P
m 8 4
1
7 5 P
m 7 4
3
6 4 P
6 5 P
7 5 P
m 7 3
1
6 4 P
m 8 3
0
m 7 3
1
6 4 P
m 6 3
1
6 4 P
m 5 3
1
6 4 P
m 4 3
0
m 3 3
0
m 2 3
0
m 1 3
0
m 0 3
0
m 0 2
0
m 1 2
0
m 2 2
0
m 2 1
0
m 2 0
0
m 3 0
0
m 4 0
0
m 5 0
0
m 6 0
0
m 7 0
0
m 8 0
0
m 7 0
0
m 6 0
0
m 5 0
0
m 4 0
0
m 3 0
0
m 2 0
0
m 2 1
0
m 3 1
0
m 4 1
0
m 5 1
0
m 6 1
0
m 7 1
0
m 8 1
0
m 7 1
0
m 6 1
0
m 5 1
0
m 4 1
0
m 3 1
0
m 2 1
0
m 2 2
0
m 3 2
0
m 4 2
0
m 5 2
0
m 6 2
0
m 7 2
0
m 8 2
0
m 7 2
0
m 6 2
0
m 5 2
0
m 4 2
0
m 3 2
0
m 2 2
0
m 1 2
0
m 0 2
0
m 0 1
0
m 1 1
0
m 2 1
0
m 2 0
0
m 3 0
0
m 4 0
0
m 5 0
0
m 6 0
0
m 7 0
0
m 8 0
0
m 7 0
0
m 6 0
0
m 5 0
0
m 4 0
0
m 3 0
0
m 2 0
0
m 2 1
0
m 3 1
0
m 4 1
0
m 5 1
0
m 6 1
0
m 7 1
0
m 8 1
0
m 7 1
0
m 6 1
0
m 5 1
0
m 4 1
0
m 3 1
0
m 2 1
0
m 1 1
0
m 0 1
0
m 0 0
0
m 1 0
0
m 2 0
0
m 3 0
0
m 4 0
0
m 5 0
0
m 6 0
0
m 7 0
0
m 8 0
0
m 7 0
0
m 6 0
0
m 5 0
0
m 4 0
0
m 3 0
0
m 4 0
0
m 3 0
0
m 2 0
0
m 1 0
0
m 0 0
0
m 0 1
0
m 1 1
0
m 2 1
0
m 3 1
0
m 4 1
0
m 5 1
0
m 4 1
0
m 3 1
0
m 2 1
0
m 3 1
0
m 2 1
0
m 1 1
0
m 0 1
0
m 0 0
0
m 0 1
0
m 0 2
0
m 1 2
0
m 2 2
0
m 3 2
0
m 4 2
0
m 5 2
0
m 6 2
0
m 5 2
0
m 4 2
0
m 3 2
0
m 2 2
0
m 1 2
0
m 2 2
0
m 1 2
0
m 0 2
0
m 0 1
0
m 0 0
0
m 0 1
0
m 0 2
0
m 0 3
0
m 1 3
0
m 2 3
0
m 3 3
0
m 4 3
0
m 5 3
1
6 4 P
m 6 3
1
6 4 P
m 7 3
1
6 4 P
m 6 3
1
6 4 P
m 5 3
1
6 4 P
m 4 3
0
m 3 3
0
m 2 3
0
m 1 3
0
m 0 3
0
m 0 2
0
m 0 1
0
m 0 0
0
m 1 0
0
m 2 0
0
m 3 0
0
m 4 0
0
m 5 0
0
m 6 0
0
m 5 0
0
m 4 0
0
m 3 0
0
m 2 0
0
m 1 0
0
m 0 0
0
m 0 1
0
m 1 1
0
m 2 1
0
m 3 1
0
m 4 1
0
m 5 1
0
m 6 1
0
m 7 1
0
m 6 1
0
m 5 1
0
m 4 1
0
m 3 1
0
m 2 1
0
m 1 1
0
m 0 1
0
m 0 0
0
m 0 1
0
m 0 2
0
m 1 2
0
m 2 2
0
m 3 2
0
m 4 2
0
m 5 2
0
m 6 2
0
m 7 2
0
m 8 2
0
m 7 2
0
m 6 2
0
m 5 2
0
m 4 2
0
m 3 2
0
m 2 2
0
m 1 2
0
m 0 2
0
m 0 1
0
m 0 0
0
m 0 1
0
m 0 2
0
m 0 3
0
m 1 3
0
m 2 3
0
m 3 3
0
m 4 3
0
m 5 3
1
6 4 P
m 6 3
1
6 4 P
m 7 3
1
6 4 P
m 7 4
3
6 4 P
6 5 P
7 5 P
m 8 4
1
7 5 P
m 7 4
3
6 4 P
6 5 P
7 5 P
m 7 3
1
6 4 P
m 6 3
1
6 4 P
m 5 3
1
6 4 P
m 4 3
0
m 3 3
0
m 2 3
0
m 1 3
0
m 0 3
0
m 0 2
0
m 0 1
0
m 0 0
0
m 1 0
0
m 2 0
0
m 3 0
0
m 4 0
0
m 5 0
0
m 6 0
0
m 7 0
0
m 8 0
0
e -1
