1
6 8
m 0 0
0
m 1 0
0
m 2 0
0
m 3 0
0
m 4 0
0
m 5 0
0
m 6 0
0
m 6 1
0
m 6 2
3
5 3 P
6 3 P
7 3 P
m 6 1
0
m 6 0
0
m 5 0
0
m 5 1
0
m 5 2
2
5 3 P
6 3 P
m 5 1
0
m 5 0
0
m 4 0
0
m 4 1
0
m 4 2
1
5 3 P
m 4 3
4
3 4 P
4 4 P
5 3 P
5 4 P
m 4 2
1
5 3 P
m 4 1
0
m 4 0
0
m 3 0
0
m 3 1
0
m 3 2
0
m 3 3
3
2 4 P
3 4 P
4 4 P
m 3 2
0
m 3 1
0
m 3 0
0
m 2 0
0
m 2 1
0
m 2 2
0
m 2 3
2
2 4 P
3 4 P
m 2 2
0
m 2 1
0
m 2 0
0
m 1 0
0
m 1 1
0
m 1 2
0
m 1 3
1
2 4 P
m 1 4
2
2 4 P
2 5 P
m 1 5
5
0 6 P
1 6 P
2 4 P
2 5 P
2 6 P
m 1 4
2
2 4 P
2 5 P
m 1 3
1
2 4 P
m 1 2
0
m 1 1
0
m 1 0
0
m 0 0
0
m 0 1
0
m 0 2
0
m 0 3
0
m 0 4
0
m 0 5
2
0 6 P
1 6 P
m 0 4
0
m 0 3
0
m 0 2
0
m 0 1
0
m 0 0
0
m 1 0
0
m 2 0
0
m 3 0
0
m 4 0
0
m 5 0
0
m 6 0
0
m 6 1
0
m 6 2
3
5 3 P
6 3 P
7 3 P
m 7 2
3
6 3 P
7 3 P
8 1 B
m 6 2
3
5 3 P
6 3 P
7 3 P
m 6 1
0
m 7 1
1
8 1 B
m 6 1
0
m 6 0
0
m 7 0
1
8 1 B
m 6 0
0
m 6 1
0
m 6 2
3
5 3 P
6 3 P
7 3 P
m 7 2
3
6 3 P
7 3 P
8 1 B
m 8 2
2
7 3 P
8 1 B
m 8 3
2
7 3 P
7 4 P
m 8 4
3
7 3 P
7 4 P
7 5 P
m 8 5
2
7 4 P
7 5 P
m 8 6
1
7 5 P
m 7 6
2
6 5 P
7 5 P
m 6 6
3
5 5 P
6 5 P
7 5 P
m 6 7
1
6 8 K
m 6 8
1
6 8 K
e 18
